81
[[8, 1]]
100
[[1, 0]]
121
[[1, 1]]
144
[[1, 4]]
169
[[1, 9]]
196
[[1, 6]]
225
[[2, 5]]
256
[[2, 6]]
289
[[2, 9]]
324
[[3, 4]]
361
[[3, 1]]
400
[[4, 0]]
441
[[4, 1]]
484
[[4, 4]]
529
[[5, 9]]
576
[[5, 6]]
625
[[6, 5]]
676
[[6, 6]]
729
[[7, 9]]
784
[[7, 4]]
841
[[8, 1]]
900
[[9, 0]]
961
[[9, 1]]
1024
[[1, 4]]
1089
[[1, 9]]
1156
[[1, 6]]
1225
[[1, 5]]
1296
[[1, 6]]
1369
[[1, 9]]
1444
[[1, 4]]
1521
[[1, 1]]
1600
[[1, 0]]
1681
[[1, 1]]
1764
[[1, 4]]
1849
[[1, 9]]
1936
[[1, 6]]
2025
[[2, 5]]
2116
[[2, 6]]
2209
[[2, 9]]
2304
[[2, 4]]
2401
[[2, 1]]
2500
[[2, 0]]
2601
[[2, 1]]
2704
[[2, 4]]
2809
[[2, 9]]
2916
[[2, 6]]
3025
[[3, 5]]
3136
[[3, 6]]
3249
[[3, 9]]
3364
[[3, 4]]
3481
[[3, 1]]
3600
[[3, 0]]
3721
[[3, 1]]
3844
[[3, 4]]
3969
[[3, 9]]
4096
[[4, 6]]
4225
[[4, 5]]
4356
[[4, 6]]
4489
[[4, 9]]
4624
[[4, 4]]
4761
[[4, 1]]
4900
[[4, 0]]
5041
[[5, 1]]
5184
[[5, 4]]
5329
[[5, 9]]
5476
[[5, 6]]
5625
[[5, 5]]
5776
[[5, 6]]
5929
[[5, 9]]
6084
[[6, 4]]
6241
[[6, 1]]
6400
[[6, 0]]
6561
[[6, 1]]
6724
[[6, 4]]
6889
[[6, 9]]
7056
[[7, 6]]
7225
[[7, 5]]
7396
[[7, 6]]
7569
[[7, 9]]
7744
[[7, 4]]
7921
[[7, 1]]
8100
[[8, 0]]
8281
[[8, 1]]
8464
[[8, 4]]
8649
[[8, 9]]
8836
[[8, 6]]
9025
[[9, 5]]
9216
[[9, 6]]
9409
[[9, 9]]
9604
[[9, 4]]
9801
[[9, 1]]
10000
[[1, 0]]
0
